935
213
110
448
550
58
869
504
412
734
381
226
636
481
740
637
553
149
990
558
443
488
122
640
796
918
714
137
11
336
245
285
238
605
2
390
756
256
688
899
523
707
292
861
633
27
605
164
8
786
752
713
383
902
367
579
206
902
47
949
199
827
945
8
790
821
915
169
380
42
969
732
146
824
605
142
159
88
451
553
238
707
139
877
780
962
317
905
539
683
969
36
509
482
26
40
872
812
581
875
876
555
855
551
427
336
330
46
821
659
277
33
552
153
220
920
863
423
81
214
948
352
526
643
777
134
471
361
638
124
254
424
426
286
304
548
986
146
594
754
127
416
278
435
285
381
847
141
449
369
37
370
550
818
580
920
170
907
402
730
807
205
577
396
952
8
526
276
956
8
470
189
618
284
700
325
736
342
924
491
797
300
65
313
167
298
91
381
801
209
984
770
644
941
618
752
552
982
903
868
957
55
527
898
629
823
116
111
861
531
585
188
42
103
790
662
935
958
592
387
727
386
736
829
399
851
705
38
655
107
120
891
693
365
297
752
578
641
263
748
846
673
907
839
854
365
164
915
63
526
89
892
786
608
685
102
112
930
500
340
718
183
621
285
164
865
84
89
500
799
537
913
154
892
355
277
832
139
457
971
333
729
203
786
475
484
896
648
994
862
941
477
928
9
570
208
503
671
359
977
359
864
116
316
839
400
631
775
444
91
194
365
152
477
132
221
529
217
617
89
609
321
110
259
981
52
237
90
146
534
109
255
107
510
996
277
281
992
217
466
697
961
993
278
950
670
922
540
451
180
445
580
111
660
220
135
757
360
40
14
421
269
743
583
278
430
440
558
61
878
428
599
234
338
792
545
447
902
86
729
543
871
389
534
949
687
379
386
203
354
891
875
310
196
390
174
737
259
294
749
146
878
398
88
33
740
121
140
625
680
262
0
20
41
905
621
922
83
831
126
303
958
260
732
870
434
153
174
436
450
902
613
460
753
959
497
93
567
652
531
587
965
749
915
167
771
122
633
195
767
950
841
471
246
337
828
628
142
351
214
481
841
550
935
454
75
860
159
410
648
857
962
376
391
314
947
592
633
595
352
36
524
229
151
788
759
967
584
75
381
651
88
792
969
194
741
434
109
374
390
925
447
939
240
897
145
393
937
410
425
285
869
153
488
294
773
888
284
69
499
507
437
251
8
812
501
251
677
57
32
875
758
156
733
361
31
917
983
62
970
174
768
269
629
484
738
684
635
431
658
365
887
776
464
312
508
720
273
730
628
474
688
630
28
183
235
155
31
137
646
775
535
972
254
180
876
183
0
105
891
441
321
419
963
17
849
351
49
458
481
281
60
730
634
360
727
392
857
41
659
519
316
58
456
784
696
70
445
454
228
442
797
45
693
600
152
788
140
117
284
466
429
859
559
163
634
536
875
340
73
812
73
681
512
44
2
412
465
206
969
7
515
21
386
64
602
661
410
182
446
506
917
47
461
615
398
119
232
487
729
861
550
455
561
707
839
114
747
649
361
960
392
138
285
494
877
429
343
70
645
293
101
108
189
486
198
435
299
8
521
895
756
684
854
982
324
619
638
459
475
460
619
699
621
412
700
939
485
205
537
554
272
158
149
312
996
623
51
72
507
860
601
433
791
392
820
987
663
619
654
65
471
891
449
331
732
379
360
480
700
513
800
1
616
771
310
873
147
661
504
21
36
151
328
276
256
302
806
631
538
192
621
297
185
969
924
549
554
804
414
354
205
627
75
805
616
520
545
657
168
176
385
827
541
103
749
474
12
877
47
994
222
221
328
512
362
609
967
747
111
841
978
900
544
271
107
516
767
586
962
144
396
568
24
292
270
429
308
138
455
79
5
993
478
429
745
396
193
815
456
961
505
462
610
90
271
457
799
237
850
807
105
610
775
94
573
320
288
923
928
496
572
34
532
369
386
693
836
577
125
610
700
999
377
656
513
269
778
468
829
292
491
616
224
282
30
119
987
248
765
570
245
729
315
547
703
673
409
684
285
607
117
134
77
194
415
735
361
378
508
919
197
74
846
315
778
343
777
311
500
470
218
132
346
382
783
115
35
487
254
10
348
566
624
279
97
433
675
456
968
573
250
146
313
195
36
328
833
617
600
653
836
798
514
51
233
64
966
1
974
310
442
591
33
902
43
579
0
687
470
221
53
863
827
438
924
461
480
536
46
325
645
574
964
799
485
431
741
113
327
951
671
779
400
5
922
258
718
737
981
741
308
131
228
876
916
150
480
171
